   44  122   66
   44  118   62
   42  114   58
   41  112   54
   39  110   50
   36  109   47
   35  109   46
   33  108   44
   32  108   44
   32  107   44
   33  105   45
   33  104   45
   36  102   46
   39  100   46
   41   98   46
   44   96   46
   45   95   45
   48   95   44
   48   96   43
   48   96   42
   47   97   42
   45   97   41
   44   96   41
   41   95   41
   39   92   41
   36   90   41
   35   86   41
   33   81   40
   33   76   40
   33   71   39
   33   68   37
   35   65   36
   36   62   34
   38   61   31
   39   60   29
   42   59   26
   42   58   23
   42   57   21
   42   55   19
   42   52   17
   41   49   15
   39   47   14
   39   44   13
   39   40   13
   38   38   12
   38   36   12
   38   35   12
   38   34   12
   39   34   12
   41   34   12
   42   34   12
   42   35   13
   42   36   13
   42   36   13
   41   37   13
   38   38   14
   35   38   14
   32   39   14
   30   39   13
   29   39   12
   29   39   11
   29   39   10
   30   39    9
   33   39    9
   36   39    8
   38   39    8
   41   40    9
   42   41   10
   44   43   11
   44   45   13
   42   48   15
   42   50   17
   41   53   19
   39   55   21
   38   57   22
   38   59   23
   36   60   24
   36   60   24
   35   60   24
   35   59   24
   35   59   24
   33   58   23
   33   57   23
   33   57   22
   32   57   22
   32   57   21
   32   57   20
   32   57   19
   30   57   19
   30   57   18
   30   57   18
   30   56   18
   32   55   18
   32   53   18
   33   52   19
   36   51   20
   38   49   20
   41   48   21
   44   47   21
   44   46   21
   45   45   20
   47   44   19
   48   43   18
   50   41   16
   50   39   15
   51   37   13
   51   34   12
   51   31   11
   53   27   10
   54   24    9
   54   21    8
   56   18    8
   57   16    7
   59   15    6
   59   13    6
   60   12    5
   60   10    4
   60    8    2
   59    6    0
   57    3    0
   56    0   -2
   53   -4   -4
   51   -8   -6
   48  -11   -8
   44  -14   -9
   42  -17  -10
   39  -18  -11
   36  -19  -12
   33  -20  -13
   33  -20  -13
   32  -21  -13
   32  -22  -13
   32  -23  -14
   33  -26  -14
   35  -29  -15
   36  -33  -17
   36  -37  -19
   38  -42  -21
   36  -46  -24
   36  -50  -27
   36  -53  -30
   35  -55  -33
   35  -56  -35
   33  -57  -37
   33  -57  -37
   32  -58  -37
   30  -59  -37
   30  -60  -36
   27  -63  -35
   26  -65  -34
   24  -68  -33
   24  -72  -33
   23  -76  -33
   23  -79  -35
   24  -83  -37
   24  -85  -39
   26  -87  -41
   26  -88  -43
   27  -88  -46
   27  -87  -47
   27  -87  -48
   24  -87  -48
   23  -87  -48
   21  -88  -47
   20  -89  -47
   20  -92  -47
   23  -95  -48
   24  -99  -49
   26 -103  -51
   26 -106  -53
   24 -109  -56
   21 -112  -59
   17 -114  -62
   14 -116  -64
   12 -117  -66
   18 -118  -67
   32 -119  -68
   53 -121  -69
   86 -123  -69
  128 -124  -69
  177 -127  -69
  228 -129  -69
  278 -131  -69
  321 -133  -70
  354 -134  -71
  372 -135  -71
  377 -136  -72
  368 -137  -73
  347 -138  -74
  318 -138  -74
  284 -139  -74
  251 -140  -74
  219 -141  -73
  192 -141  -73
  170 -142  -73
  153 -143  -73
  141 -144  -72
  134 -145  -72
  126 -145  -73
  120 -146  -73
  111 -147  -74
  101 -148  -75
   89 -150  -76
   77 -152  -77
   65 -155  -78
   56 -157  -79
   48 -159  -80
   44 -161  -81
   42 -163  -82
   39 -164  -83
   38 -165  -84
   36 -165  -85
   36 -166  -85
   36 -167  -86
   35 -168  -87
   35 -170  -89
   33 -172  -90
   32 -175  -92
   30 -179  -94
   27 -182  -96
   26 -186  -98
   26 -189 -100
   23 -191 -102
   20 -192 -103
   18 -192 -104
   15 -192 -104
   14 -192 -104
   12 -192 -103
   11 -192 -102
   11 -193 -102
   12 -195 -102
   12 -197 -102
   14 -200 -103
   15 -203 -105
   15 -206 -107
   15 -209 -109
   15 -211 -112
   14 -213 -114
   14 -214 -116
   11 -214 -117
   11 -214 -117
    9 -214 -117
    9 -214 -116
    8 -215 -116
    9 -217 -116
    9 -218 -116
    9 -220 -116
    9 -222 -117
    9 -223 -118
    9 -222 -118
    9 -221 -118
    8 -217 -117
    6 -211 -115
    6 -204 -111
    6 -196 -107
    5 -186 -101
    5 -176  -96
    5 -165  -89
    5 -154  -83
    5 -141  -76
    3 -128  -70
    3 -113  -62
    3  -98  -55
    3  -81  -47
    5  -63  -38
    5  -44  -29
    5  -24  -19
    6   -5   -9
    6   13    0
    6   31    9
    5   48   19
    3   64   28
    2   78   37
    0   91   45
   -3  103   52
   -6  113   59
   -8  123   65
  -11  132   70
  -11  140   74
  -12  148   78
  -11  156   81
   -9  164   85
   -6  172   88
   -3  179   91
    0  186   95
    2  194   99
    5  200  102
    8  206  106
    9  211  110
   12  215  114
   15  219  117
   17  222  120
   18  223  121
   20  224  122
   21  224  123
   23  225  122
   23  224  121
   24  223  120
   24  223  119
   26  223  118
   26  222  118
   26  221  117
   27  219  116
   29  217  116
   30  215  115
   30  213  114
   32  210  113
   32  207  112
   32  204  110
   30  202  109
   30  200  108
   29  199  107
   27  198  105
   27  197  104
   27  196  103
   27  195  101
   29  194  100
   30  192   98
   30  190   96
   30  187   95
   30  184   93
   30  180   92
   29  176   90
   27  173   89
   24  169   87
   23  166   85
   21  164   82
   21  162   80
   20  160   78
   20  159   75
   21  158   74
   23  158   73
   24  157   72
   24  156   72
   26  156   72
   26  155   73
   26  154   73
   26  153   74
   26  151   74
   27  150   74
   27  148   74
   29  146   74
   29  143   73
   30  141   72
   30  139   71
   30  138   69
   29  137   68
   27  136   68
   26  136   68
   23  137   68
   21  137   68
   21  137   69
   21  136   69
   21  134   69
   23  130   69
   26  126   67
   27  120   65
   29  114   62
   30  108   59
   30  103   56
   29   99   53
   26   95   50
   24   93   47
   21   91   45
   20   90   44
   18   90   44
   17   89   44
   18   87   44
   20   84   44
   21   81   44
   24   78   44
   26   75   43
   27   72   41
   29   70   39
   29   69   37
   26   68   35
   24   68   33
   21   68   30
   20   68   29
   17   68   28
   15   68   27
   14   67   26
   14   65   26
   14   63   26
   14   61   25
   17   58   25
   18   56   24
   20   54   23
   23   52   21
   23   51   20
   24   50   19
   24   50   18
   24   50   17
   24   50   17
   23   51   17
   23   51   17
   23   51   18
   23   52   19
   23   52   20
   23   52   20
   23   52   20
   24   52   20
   26   51   19
   26   51   18
   27   50   16
   27   49   15
   27   49   14
   27   48   13
   26   48   13
   26   48   13
   24   48   14
   23   49   15
   21   50   17
   20   50   19
   18   51   20
   18   51   22
   17   50   22
   17   49   23
   18   47   22
   18   45   21
   18   42   20
   20   39   19
   20   37   17
   21   34   16
   21   33   15
   21   32   15
   21   32   15
   21   32   16
   20   33   17
   18   33   19
   18   34   20
   18   33   21
   18   32   21
   20   30   21
   21   27   20
   24   25   19
   29   22   16
   33   19   13
   36   17   10
   41   15    8
   44   14    6
   45   14    4
   48   13    3
   50   12    3
   50   11    3
   50    8    4
   50    5    4
   48    0    4
   48   -4    3
   45  -10    2
   44  -15    0
   41  -20   -2
   38  -24   -6
   33  -26   -9
   29  -28  -12
   26  -28  -15
   23  -27  -16
   20  -27  -17
   18  -26  -17
   18  -26  -16
   20  -27  -15
   20  -28  -13
   21  -31  -12
   23  -36  -12
   23  -40  -12
   23  -46  -13
   20  -51  -16
   18  -56  -19
   14  -60  -23
   11  -64  -26
    8  -66  -30
    6  -69  -33
    5  -70  -35
    5  -71  -36
    5  -73  -37
    6  -74  -37
    9  -77  -37
   11  -79  -36
   14  -83  -36
   15  -86  -37
   17  -90  -38
   17  -95  -40
   17  -98  -43
   15 -102  -46
   14 -104  -48
   12 -106  -51
   11 -107  -53
    9 -107  -54
    9 -107  -55
    8 -107  -55
    8 -108  -55
    8 -109  -55
    8 -111  -56
    8 -114  -56
    8 -117  -57
    8 -121  -59
    8 -125  -61
    8 -129  -63
   11 -132  -66
   12 -135  -68
   14 -138  -70
   12 -140  -72
   11 -141  -73
    8 -142  -74
    5 -142  -74
    2 -142  -74
    2 -142  -74
    6 -141  -74
   18 -141  -73
   38 -141  -73
   65 -142  -73
  102 -142  -73
  147 -144  -74
  194 -145  -74
  242 -147  -74
  284 -148  -74
  318 -150  -74
  341 -151  -75
  350 -153  -75
  347 -154  -75
  332 -155  -75
  306 -156  -76
  278 -157  -77
  246 -158  -77
  215 -159  -79
  188 -161  -80
  164 -162  -81
  146 -164  -83
  132 -165  -84
  122 -167  -85
  111 -168  -86
  102 -170  -87
   92 -170  -87
   78 -171  -87
   63 -171  -87
   50 -171  -86
   39 -171  -86
   29 -171  -85
   21 -172  -85
   17 -173  -85
   15 -174  -85
   15 -176  -86
   17 -179  -87
   18 -181  -89
   20 -184  -91
   21 -186  -94
   21 -188  -96
   20 -190  -98
   17 -191  -99
   12 -192 -101
    8 -193 -102
    3 -194 -102
    0 -195 -102
    0 -197 -102
   -2 -199 -102
   -3 -201 -102
   -3 -205 -102
   -3 -208 -103
   -3 -212 -104
   -5 -215 -105
   -6 -218 -106
   -8 -221 -107
   -9 -222 -108
   -9 -223 -110
   -9 -224 -111
   -8 -224 -112
   -8 -223 -112
   -6 -223 -112
   -5 -222 -112
   -3 -221 -112
   -2 -220 -111
   -2 -219 -111
   -2 -218 -110
    0 -218 -109
   -2 -219 -109
   -3 -219 -108
   -5 -220 -108
   -6 -222 -108
   -8 -222 -109
   -9 -222 -110
  -11 -221 -111
  -11 -219 -111
  -12 -216 -111
  -11 -211 -110
  -11 -204 -109
  -11 -197 -106
  -11 -188 -102
  -11 -177  -97
  -11 -166  -91
  -11 -152  -83
  -11 -138  -75
  -12 -121  -66
  -12 -104  -56
  -14  -85  -45
  -15  -65  -33
  -15  -45  -22
  -14  -25  -10
  -14   -6    1
  -14   11   11
  -12   28   21
  -11   44   30
  -11   60   38
  -11   75   45
  -11   88   51
  -11  101   57
  -12  114   62
  -14  127   68
  -17  139   74
  -18  151   80
  -21  163   86
  -24  174   93
  -26  184  100
  -27  194  106
  -29  204  112
  -29  212  117
  -29  220  121
  -27  227  124
  -26  233  126
  -23  238  128
  -20  242  129
  -15  245  130
  -12  247  130
   -8  248  131
   -5  248  131
   -2  248  132
    0  248  132
    3  248  133
    5  249  134
    5  249  134
    6  250  135
    6  251  135
    8  252  135
    8  252  135
    8  252  136
    9  250  136
    9  248  136
   11  245  136
   12  241  135
   12  238  135
   14  235  134
   12  233  134
   12  231  134
   11  229  133
    9  228  132
    8  227  131
    8  226  130
    6  224  128
    6  221  126
    8  217  124
    9  213  122
   11  208  119
   12  204  116
   14  200  114
   15  196  112
   15  194  110
   15  192  109
   14  191  108
   14  191  107
   12  192  107
   11  192  107
   11  192  106
    9  191  105
    9  189  104
    9  186  102
    9  183  100
    9  179   98
    8  175   95
    8  172   93
    8  168   90
    6  166   88
    5  163   86
    3  162   84
    2  161   83
    0  161   83
    0  161   82
    0  162   82
    0  163   82
    0  164   82
    0  164   82
    2  165   82
    5  165   82
    8  164   81
    9  163   81
   12  161   80
   12  158   79
   14  155   78
   15  151   77
   14  148   76
   12  145   76
   11  142   75
    8  140   75
    5  137   74
    2  135   74
    0  132   74
    0  128   73
    0  124   71
    0  119   69
    0  114   66
    3  109   63
    6  103   60
    9   99   57
   11   96   54
   12   93   51
   12   91   49
   12   91   48
   11   91   47
    8   92   48
    3   92   49
    0   92   50
   -3   91   51
   -6   90   52
   -8   89   53
   -9   87   53
   -9   85   52
   -8   82   51
   -5   80   50
   -2   78   48
    2   77   46
    5   76   44
    8   75   43
    9   75   42
   11   75   41
   11   75   41
    9   75   41
    8   75   42
    5   75   42
    2   75   43
    0   75   43
   -2   75   42
   -5   75   42
   -6   74   40
   -6   73   39
   -6   72   37
   -6   70   35
   -5   69   34
   -2   67   33
    2   66   33
    5   65   33
    9   65   34
   12   65   35
   14   65   36
   14   65   37
   14   65   37
   12   65   36
    9   64   35
    5   62   33
    0   59   31
   -2   57   28
   -6   54   26
   -8   51   23
   -9   48   22
   -8   46   21
   -6   45   21
   -3   44   22
    0   44   23
    5   45   24
    9   45   25
   14   46   26
   15   46   27
   15   44   27
   15   42   27
   12   39   26
    9   36   24
    6   31   23
    2   27   21
    0   23   20
    0   20   19
    0   17   18
    2   16   17
    5   15   16
    9   15   16
   14   14   16
   18   14   15
   23   13   14
   26   11   13
   27    8   11
   29    5    9
   29    1    7
   29   -2    5
   27   -5    3
   27   -9    1
   26  -12    0
   26  -15   -1
   27  -17   -3
   26  -20   -4
   26  -23   -5
   24  -27   -7
   21  -31  -10
   17  -36  -13
   12  -41  -16
    8  -47  -20
    3  -51  -24
    0  -55  -28
   -2  -58  -31
   -3  -61  -34
   -3  -63  -35
   -3  -64  -36
   -2  -64  -36
   -2  -66  -36
    0  -67  -35
   -2  -70  -35
   -2  -74  -34
   -3  -78  -34
   -5  -83  -35
   -6  -87  -37
   -8  -92  -39
   -8  -96  -42
   -8  -99  -45
   -8 -101  -48
   -6 -102  -50
   -8 -103  -52
   -6 -103  -53
   -6 -104  -54
   -8 -105  -54
   -9 -107  -55
  -11 -109  -55
  -12 -113  -56
  -14 -117  -58
  -14 -121  -60
  -14 -126  -62
  -12 -130  -65
   -9 -135  -68
   -8 -138  -71
   -5 -141  -73
   -3 -144  -75
   -3 -145  -76
   -3 -147  -77
   -5 -147  -77
   -6 -148  -76
   -6 -148  -76
   -6 -148  -75
   -3 -149  -74
   -2 -149  -73
    0 -149  -73
    0 -150  -72
   -3 -150  -72
   -8 -151  -73
  -14 -152  -74
  -18 -153  -75
  -21 -155  -76
  -17 -157  -78
   -5 -159  -80
   17 -161  -82
   48 -163  -84
   92 -166  -86
  141 -167  -88
  194 -169  -89
  245 -170  -90
  290 -171  -91
  321 -171  -91
  338 -172  -91
  339 -173  -91
  327 -174  -90
  303 -175  -90
  272 -177  -90
  236 -179  -90
  201 -182  -90
  171 -185  -91
  146 -187  -93
  128 -189  -94
  116 -191  -96
  107 -191  -97
  102 -191  -98
   98 -191  -99
   92 -190  -99
   83 -189  -99
   69 -189  -98
   56 -190  -97
   42 -192  -96
   29 -195  -95
   18 -198  -95
   11 -202  -96
    6 -207  -97
    3 -211  -98
    2 -215 -100
    2 -218 -102
    3 -220 -104
    3 -221 -106
    3 -221 -107
    3 -221 -107
    2 -220 -107
    0 -220 -107
   -3 -219 -107
   -8 -220 -106
  -11 -220 -106
  -12 -222 -107
  -14 -224 -107
  -14 -226 -109
  -14 -228 -110
  -14 -230 -111
  -12 -231 -112
  -11 -232 -113
  -11 -233 -113
   -9 -233 -114
   -9 -233 -114
  -11 -234 -114
  -12 -235 -115
  -14 -237 -116
  -17 -240 -118
  -20 -244 -121
  -21 -248 -125
  -24 -252 -128
  -24 -256 -132
  -26 -260 -135
  -24 -262 -137
  -23 -263 -138
  -21 -263 -138
  -20 -262 -137
  -17 -260 -135
  -17 -258 -133
  -17 -255 -131
  -17 -253 -129
  -18 -251 -127
  -21 -249 -126
  -24 -247 -125
  -27 -245 -124
  -30 -242 -123
  -32 -237 -120
  -32 -231 -117
  -30 -223 -112
  -29 -212 -106
  -26 -200  -99
  -24 -187  -91
  -21 -173  -83
  -20 -158  -74
  -20 -143  -65
  -21 -128  -57
  -23 -112  -48
  -24  -96  -40
  -29  -79  -32
  -32  -62  -24
  -33  -45  -16
  -33  -27   -7
  -32   -9    0
  -30    9    9
  -29   27   18
  -24   46   28
  -21   65   38
  -20   83   48
  -18   99   58
  -18  116   68
  -20  130   76
  -23  143   84
  -27  154   91
  -30  164   97
  -35  171  102
  -38  177  105
  -39  182  108
  -39  186  109
  -39  190  110
  -36  195  111
  -33  199  112
  -29  204  113
  -24  208  115
  -20  213  116
  -17  217  118
  -12  221  120
   -9  223  122
   -8  225  123
   -6  225  124
   -5  224  124
   -3  223  123
   -2  220  122
   -2  217  120
    0  215  118
    0  214  116
    0  213  115
    0  213  114
    0  214  114
    0  215  114
    0  216  115
    0  216  115
   -2  215  116
   -2  213  116
    0  210  116
    0  205  115
    0  200  113
    2  195  110
    3  190  107
    5  184  103
    6  180   99
    8  177   96
    9  174   93
   11  172   90
   12  171   88
   12  170   87
   12  169   86
   11  167   86
    9  165   86
    8  163   86
    5  161   86
    2  159   86
    0  157   84
   -2  154   83
   -3  152   81
   -3  151   78
   -3  150   76
   -2  149   74
    0  149   73
    3  149   71
    6  149   70
    9  148   70
   11  147   69
   12  146   69
   12  143   69
   12  140   69
   11  137   69
    8  132   68
    5  127   66
    2  123   64
    0  118   62
   -2  114   59
   -3  111   56
   -3  108   54
   -3  107   52
   -2  106   50
    0  106   49
    0  106   49
    2  105   49
    3  103   48
    3  101   48
    3   97   47
    3   92   45
    2   87   43
    0   81   40
    0   75   36
   -2   69   31
   -3   65   27
   -3   61   24
   -2   59   20
   -2   59   18
    0   59   16
    2   59   15
    3   59   15
    5   59   16
    6   59   17
    8   57   17
    8   55   18
    6   52   18
    6   48   18
    5   45   18
    5   41   17
    3   38   16
    5   36   15
    5   35   14
    6   34   13
    6   34   13
    8   35   13
    9   36   13
    9   37   14
    8   38   14
    6   39   14
    6   40   15
    3   40   14
    0   40   14
   -2   40   13
   -3   40   13
   -5   39   12
   -5   39   11
   -5   38   11
   -3   37   10
   -2   37   10
    0   36   10
    0   36   10
    0   37   10
    2   37   10
    2   38   10
    0   38   11
    0   39   11
   -2   39   11
   -5   40   11
   -6   39   11
   -6   39   10
   -8   37   10
   -6   36    9
   -6   34    9
   -5   32    9
   -2   31    9
    0   29    9
    0   28   10
    2   27   10
    2   26   10
    3   25   10
    2   24   10
    2   23   10
    2   23    9
    0   22    8
    0   20    6
    2   19    4
    2   17    2
    2   16    0
    3   14   -1
    3   13   -3
    5   12   -4
    5   11   -5
    3   10   -6
    3    8   -7
    2    7   -7
    2    5   -8
    0    2   -8
    2    0   -8
    3   -3   -9
    6   -6   -9
    9   -9  -10
   14  -13  -11
   18  -16  -12
   23  -19  -13
   26  -21  -15
   29  -23  -17
   29  -25  -19
   29  -26  -21
   27  -27  -22
   24  -28  -24
   21  -30  -25
   18  -31  -26
   15  -34  -27
   14  -37  -28
   12  -41  -29
   12  -44  -29
   12  -48  -30
   14  -51  -31
   14  -54  -33
   14  -55  -34
   14  -56  -36
   11  -56  -37
    9  -56  -38
    6  -56  -39
    3  -56  -39
    0  -58  -39
    0  -60  -39
   -2  -63  -39
   -3  -67  -38
   -3  -72  -39
   -3  -78  -40
   -3  -84  -41
   -3  -89  -43
   -3  -93  -46
   -5  -96  -49
   -6  -99  -52
   -8 -100  -54
  -11 -100  -56
  -12 -100  -58
  -14  -99  -59
  -14  -98  -59
  -15  -98  -59
  -15  -98  -58
  -14  -99  -57
  -14 -101  -56
  -12 -104  -56
  -11 -107  -56
  -11 -111  -57
   -9 -115  -58
   -9 -118  -60
   -9 -122  -62
  -11 -125  -65
  -11 -128  -67
  -11 -130  -70
  -11 -131  -72
  -12 -132  -73
  -12 -133  -74
  -14 -134  -74
  -15 -134  -75
  -15 -135  -75
  -17 -137  -75
  -15 -139  -75
  -14 -141  -76
  -11 -143  -76
   -9 -145  -78
   -9 -147  -79
  -11 -148  -81
  -14 -149  -82
  -20 -150  -84
  -24 -150  -86
  -27 -151  -87
  -26 -151  -87
  -17 -152  -88
    0 -154  -88
   29 -157  -89
   66 -159  -89
  113 -162  -89
  165 -166  -90
  216 -168  -90
  266 -171  -91
  305 -172  -92
  332 -173  -93
  344 -174  -94
  342 -174  -95
  327 -173  -96
  302 -173  -97
  270 -172  -97
  237 -172  -97
  204 -172  -97
  176 -172  -97
  153 -174  -97
  134 -176  -97
  122 -178  -97
  114 -181  -98
  107 -184  -99
  102 -187 -100
   95 -189 -101
   83 -191 -103
   71 -192 -105
   57 -193 -106
   44 -193 -107
   32 -193 -108
   21 -193 -108
   12 -193 -108
    6 -194 -108
    3 -195 -108
    2 -198 -108
    0 -200 -108
    0 -203 -108
    0 -206 -109
    0 -209 -110
   -2 -211 -112
   -3 -213 -113
   -5 -213 -114
   -8 -214 -115
   -9 -213 -116
  -12 -212 -116
  -12 -212 -115
  -14 -212 -115
  -15 -212 -114
  -15 -214 -113
  -17 -216 -113
  -17 -218 -113
  -18 -222 -114
  -20 -225 -116
  -20 -228 -119
  -20 -231 -121
  -20 -233 -125
  -20 -235 -128
  -18 -236 -130
  -18 -236 -132
  -18 -236 -134
  -17 -236 -134
  -17 -236 -134
  -18 -236 -134
  -18 -235 -133
  -20 -235 -133
  -20 -234 -132
  -21 -234 -131
  -21 -234 -131
  -21 -235 -131
  -21 -237 -131
  -21 -238 -132
  -20 -239 -133
  -20 -240 -133
  -21 -240 -133
  -21 -238 -133
  -23 -236 -132
  -23 -232 -131
  -24 -227 -129
  -26 -222 -126
  -27 -215 -123
  -29 -207 -118
  -30 -199 -114
  -30 -190 -108
  -30 -179 -101
  -30 -167  -94
  -30 -154  -85
  -30 -138  -76
  -30 -121  -66
  -29 -103  -55
  -29  -83  -45
  -29  -64  -34
  -29  -45  -23
  -29  -27  -13
  -29  -10   -4
  -30    5    3
  -32   20   11
  -32   35   17
  -33   48   23
  -33   62   29
  -33   74   35
  -33   86   41
  -32   97   48
  -30  109   55
  -29  120   62
  -29  130   69
  -27  140   75
  -27  150   82
  -29  159   89
  -29  168   94
  -30  175   99
  -32  182  102
  -32  188  105
  -32  194  106
  -32  198  107
  -29  201  108
  -26  202  108
  -23  203  108
  -18  203  109
  -15  203  109
  -11  202  109
   -6  202  110
   -3  202  111
    0  202  112
    0  203  112
    2  204  113
    2  205  113
    3  205  113
    3  204  112
    3  202  111
    3  199  110
    5  196  108
    5  192  106
    6  188  104
    6  185  102
    6  183  100
    6  181   98
    6  181   96
    8  180   95
    6  180   94
    6  180   93
    5  179   93
    2  177   93
    0  174   92
   -2  170   92
   -6  166   91
   -8  161   90
  -11  157   89
  -12  153   87
  -12  150   85
  -12  148   82
  -11  147   79
   -8  147   76
   -5  146   74
   -2  146   72
    0  146   70
    3  144   68
    5  142   67
    6  139   66
    6  136   65
    6  132   65
    5  128   64
    3  124   64
    2  121   63
    0  118   62
    0  116   62
    0  115   61
    0  114   60
    0  114   59
    2  114   58
    5  113   57
    6  113   57
    8  112   57
    9  110   57
    9  108   57
    8  105   56
    6  101   55
    5   97   54
    2   93   52
    0   90   49
   -2   86   47
   -3   83   44
   -3   81   41
   -3   79   38
   -3   77   35
   -2   76   33
    0   74   31
    0   73   30
    2   70   29
    3   68   28
    3   64   27
    3   60   26
    3   57   25
    2   53   24
    2   49   22
    0   47   21
    0   44   19
    0   43   18
    0   43   16
    0   43   15
    0   44   14
    0   45   13
    0   45   12
    2   46   12
    0   45   12
    0   45   12
    0   43   11
   -2   42   11
   -3   40   11
   -3   39   10
   -5   37   10
   -6   36    9
   -6   35    8
   -8   35    7
   -8   35    6
   -8   35    5
   -8   35    5
   -6   35    5
   -6   35    5
   -6   35    6
   -6   34    6
   -5   33    7
   -5   33    8
   -5   32    9
   -5   30    9
   -5   30    9
   -5   29    9
   -5   30    9
   -5   30    8
   -5   31    8
   -6   33    7
   -6   35    7
   -6   37    7
   -8   38    7
   -8   40    8
   -9   41    8
   -9   41    9
   -9   41   10
  -11   39   10
  -11   37   10
   -9   35   10
   -9   32   10
   -9   29    9
  -11   26    8
  -11   23    7
  -11   21    5
  -11   20    3
  -12   19    2
  -12   19    1
  -11   19    0
   -9   19    0
   -8   19    0
   -5   19    0
   -2   19    0
    2   18    0
    5   17    0
    6   16    0
    9   14    0
    9   12   -1
    9   10   -1
    8    8   -2
    6    7   -3
    5    5   -3
    3    4   -4
    3    3   -5
    3    2   -5
    5    0   -6
    6   -1   -7
    9   -4   -9
   11   -7  -10
   14  -11  -13
   17  -16  -15
   17  -20  -17
   18  -24  -20
   18  -28  -22
   18  -31  -24
   17  -32  -26
   17  -34  -27
   15  -34  -27
   14  -34  -28
   12  -35  -28
    9  -35  -29
    8  -37  -29
    3  -39  -30
    0  -43  -30
   -2  -47  -32
   -3  -52  -33
   -5  -57  -34
   -5  -61  -36
   -5  -65  -38
   -2  -68  -41
    0  -70  -43
    3  -71  -44
    6  -71  -46
    8  -71  -47
    8  -71  -47
    8  -71  -48
    5  -73  -48
    0  -75  -47
   -5  -78  -48
   -9  -82  -48
  -15  -86  -49
  -18  -91  -50
  -21  -95  -52
  -23  -99  -54
  -23 -103  -57
  -23 -105  -59
  -20 -107  -61
  -18 -107  -63
  -15 -106  -64
  -12 -106  -64
   -9 -105  -64
   -9 -104  -63
   -9 -103  -61
   -9 -104  -60
  -11 -105  -59
  -12 -107  -58
  -14 -109  -58
  -15 -113  -59
  -18 -116  -60
  -20 -119  -62
  -23 -123  -64
  -26 -125  -66
  -27 -127  -68
  -27 -129  -70
  -27 -130  -71
  -24 -131  -72
  -21 -132  -72
  -20 -133  -73
  -18 -134  -73
  -17 -135  -73
  -18 -136  -73
  -18 -138  -73
  -17 -140  -73
  -12 -142  -73
   -3 -143  -73
   12 -145  -73
   38 -146  -73
   69 -146  -73
  111 -146  -74
  158 -147  -74
  206 -147  -74
  251 -147  -75
  288 -148  -75
  315 -150  -76
  330 -152  -77
  330 -154  -78
  317 -158  -79
  293 -161  -80
  263 -164  -81
  230 -167  -83
  197 -170  -84
  167 -172  -86
  141 -173  -87
  122 -174  -89
  108 -174  -91
   98 -174  -92
   89 -174  -93
   81 -173  -94
   72 -173  -94
   62 -173  -95
   47 -173  -94
   33 -174  -94
   18 -176  -93
    6 -178  -93
   -2 -180  -93
   -9 -182  -92
  -11 -183  -92
  -11 -185  -93
   -9 -186  -93
   -8 -187  -94
   -6 -187  -94
   -5 -188  -95
   -5 -188  -95
   -6 -189  -96
   -9 -190  -96
  -14 -192  -96
  -18 -194  -96
  -23 -198  -97
  -26 -201  -98
  -29 -206  -98
  -27 -209 -100
  -26 -213 -101
  -24 -216 -102
  -23 -218 -104
  -20 -220 -106
  -18 -220 -107
  -17 -220 -109
  -17 -220 -110
  -17 -219 -112
  -17 -219 -113
  -17 -219 -114
  -18 -219 -115
  -18 -220 -116
  -18 -221 -117
  -18 -223 -118
  -18 -225 -119
  -18 -227 -120
  -17 -229 -121
  -17 -231 -122
  -17 -232 -123
  -15 -233 -123
  -17 -234 -123
  -17 -233 -123
  -18 -233 -123
  -20 -233 -123
  -21 -233 -123
  -24 -233 -124
  -27 -234 -124
  -29 -234 -125
  -30 -233 -126
  -32 -232 -127
  -33 -228 -126
  -33 -222 -125
  -32 -213 -121
  -30 -202 -116
  -29 -188 -108
  -27 -172  -99
  -26 -154  -89
  -24 -137  -78
  -23 -119  -67
  -24 -102  -56
  -24  -85  -46
  -27  -68  -36
  -29  -52  -27
  -32  -35  -19
  -33  -18  -11
  -35   -1   -3
  -35   15    4
  -33   32   13
  -32   49   21
  -30   65   29
  -29   80   37
  -27   93   45
  -26  105   52
  -26  117   58
  -27  127   64
  -27  136   70
  -29  144   74
  -30  152   79
  -30  159   83
  -30  165   87
  -30  172   91
  -29  178   95
  -26  184   98
  -24  190  102
  -21  196  106
  -20  202  109
  -18  208  113
  -17  213  116
  -17  218  119
  -17  222  121
  -15  226  123
  -14  228  124
  -12  230  125
   -9  231  126
   -6  231  126
   -3  230  126
    0  228  125
    3  226  123
    5  224  122
    5  223  121
    5  221  120
    3  220  119
    2  219  118
    0  218  117
    0  217  116
   -2  216  115
   -2  214  114
   -2  212  113
    0  210  112
    0  208  110
    0  205  109
    2  203  107
    2  201  106
    2  199  104
    3  198  103
    2  197  101
    0  196  100
    0  195  100
   -2  194   99
   -3  193   98
   -5  192   98
   -6  191   98
   -8  189   99
   -8  187   99
   -9  184   99
   -9  182   99
   -9  179   98
   -8  177   97
   -6  174   95
   -5  173   93
   -3  171   90
   -2  170   88
    0  169   85
    0  169   83
    0  169   82
    0  169   81
    0  168   81
    0  167   81
   -2  166   81
   -2  164   82
   -2  162   82
    0  159   82
    0  156   81
    2  154   79
    3  151   77
    5  149   75
    6  148   74
    8  148   72
    6  148   71
    5  148   71
    3  149   71
    0  149   72
   -2  149   73
   -5  147   74
   -8  144   74
   -9  140   75
  -11  135   75
  -11  129   74
   -9  123   73
   -9  118   70
   -8  113   66
   -6  109   63
   -5  107   60
   -3  105   57
   -2  104   54
   -2  104   53
   -2  103   52
   -2  103   51
   -2  101   51
   -2  100   51
   -2   97   51
   -2   94   51
   -2   91   50
   -3   89   48
   -3   86   47
   -3   84   45
   -3   82   43
   -5   81   41
   -5   81   40
   -5   81   39
   -6   81   39
   -6   81   39
   -6   81   40
   -6   81   40
   -6   81   40
   -6   80   41
   -6   79   41
   -6   77   40
   -6   76   39
   -8   75   38
   -9   74   37
   -9   73   36
  -11   72   36
  -12   72   35
  -14   72   35
  -14   72   36
  -15   72   36
  -17   72   37
  -18   73   37
  -18   73   38
  -20   73   38
  -20   73   38
  -21   73   37
  -21   73   36
  -20   72   35
  -20   72   33
  -18   71   32
  -17   70   30
  -15   69   29
  -14   68   28
  -12   67   27
  -11   66   27
  -11   65   26
  -11   64   26
  -11   63   26
  -11   62   25
  -12   61   25
  -14   60   24
  -14   59   23
  -15   57   22
  -17   56   22
  -18   54   21
  -18   53   21
  -20   51   21
  -20   50   21
  -21   50   21
  -21   49   22
  -20   49   22
  -20   49   23
  -18   49   23
  -18   48   24
  -17   47   23
  -15   45   23
  -14   43   22
  -14   40   20
  -14   36   17
  -14   31   15
  -14   27   12
  -12   24    8
  -11   20    6
  -11   18    3
   -9   16    1
   -8   15    0
   -5   15    0
   -2   15    0
    0   15    0
    2   15    0
    5   14    0
    6   12    0
    6    9    0
    5    5   -2
    3    1   -4
    0   -3   -6
   -2   -8   -9
   -8  -12  -11
  -12  -15  -13
  -18  -17  -15
  -24  -17  -16
  -30  -17  -16
  -33  -17  -16
  -36  -17  -15
  -38  -17  -15
  -38  -18  -15
  -36  -20  -15
  -35  -24  -16
  -32  -29  -18
  -29  -35  -21
  -27  -42  -24
  -26  -48  -27
  -24  -54  -30
  -26  -59  -33
  -26  -62  -35
  -27  -64  -37
  -30  -65  -38
  -32  -65  -38
  -35  -64  -38
  -36  -64  -37
  -36  -63  -37
  -38  -64  -37
  -38  -65  -38
  -39  -68  -39
  -41  -71  -40
  -41  -75  -42
  -42  -79  -44
  -44  -82  -46
  -44  -86  -48
  -45  -89  -50
  -45  -91  -51
  -45  -92  -53
  -45  -93  -54
  -45  -94  -55
  -44  -94  -56
  -44  -94  -56
  -45  -94  -56
  -45  -95  -55
  -44  -96  -55
  -44  -98  -55
  -42 -100  -55
  -42 -103  -55
  -42 -106  -56
  -44 -108  -57
  -47 -111  -59
  -51 -112  -61
  -54 -113  -64
  -56 -114  -66
  -53 -114  -69
  -42 -114  -71
  -24 -115  -72
    3 -115  -73
   42 -117  -72
   86 -119  -72
  135 -122  -71
  186 -125  -71
  233 -129  -71
  269 -134  -71
  291 -138  -72
  302 -142  -74
  296 -145  -76
  276 -147  -78
  248 -148  -80
  213 -148  -82
  179 -148  -83
  147 -148  -84
  120 -147  -84
  101 -146  -83
   87 -146  -82
   80 -146  -81
   75 -147  -80
   72 -148  -79
   69 -150  -78
   63 -153  -77
   53 -156  -77
   42 -159  -77
   27 -161  -78
   14 -163  -79
    0 -165  -80
   -8 -166  -81
  -17 -167  -81
  -21 -167  -82
  -24 -167  -82
  -24 -167  -83
  -24 -167  -83
  -26 -167  -84
  -27 -169  -84
  -29 -170  -85
  -30 -173  -86
  -33 -176  -88
  -36 -180  -89
  -41 -183  -91
  -44 -186  -93
  -45 -188  -94
  -47 -190  -95
  -47 -191  -96
  -47 -191  -97
  -47 -190  -97
  -48 -189  -97
  -48 -188  -96
  -50 -187  -96
  -51 -187  -95
  -53 -187  -95
  -54 -188  -96
  -56 -189  -97
  -57 -191  -98
  -59 -193 -100
  -59 -195 -101
  -59 -197 -103
  -57 -199 -104
  -54 -200 -105
  -51 -200 -105
  -47 -200 -104
  -44 -199 -104
  -42 -198 -103
  -39 -198 -102
  -39 -197 -103
  -39 -197 -104
  -42 -198 -105
  -45 -199 -108
  -48 -200 -110
  -51 -201 -112
  -54 -201 -114
  -57 -201 -114
  -57 -199 -113
  -59 -195 -111
  -59 -191 -107
  -57 -184 -102
  -56 -177  -96
  -56 -168  -90
  -56 -159  -84
  -56 -148  -78
  -56 -137  -73
  -56 -125  -67
  -57 -112  -61
  -59  -97  -55
  -59  -81  -48
  -60  -65  -40
  -62  -47  -32
  -60  -29  -22
  -60  -11  -13
  -60    6   -3
  -59   22    6
  -59   38   16
  -59   53   25
  -59   66   33
  -60   79   40
  -63   90   48
  -65  101   54
  -68  112   60
  -71  123   65
  -72  133   71
  -74  142   75
  -74  152   80
  -72  161   85
  -71  169   91
  -68  177   96
  -63  184  101
  -59  190  106
  -56  196  110
  -51  202  114
  -48  206  117
  -47  210  119
  -45  212  120
  -44  215  121
  -44  216  120
  -44  217  120
  -44  217  119
  -44  216  117
  -42  215  116
  -41  215  115
  -39  215  114
  -36  215  114
  -33  215  114
  -32  216  116
  -29  217  117
  -27  217  118
  -24  217  119
  -24  216  119
  -23  214  119
  -23  211  118
  -23  207  117
  -23  203  114
  -24  199  112
  -26  195  109
  -29  191  106
  -30  188  102
  -32  186  100
  -33  185   97
  -35  184   96
  -36  183   95
  -36  183   94
  -35  182   94
  -35  180   94
  -33  177   94
  -33  174   94
  -32  170   93
  -30  166   92
  -30  162   91
  -29  159   89
  -29  157   87
  -29  155   85
  -30  154   83
  -32  154   81
  -33  154   80
  -35  155   79
  -36  156   78
  -38  157   78
  -39  157   78
  -39  157   78
  -39  156   79
  -38  155   79
  -38  153   80
  -35  152   80
  -33  150   80
  -32  149   80
  -30  148   80
  -30  148   80
  -30  148   79
  -32  147   79
  -33  147   78
  -35  145   77
  -36  144   77
  -38  141   76
  -39  137   75
  -39  132   74
  -41  127   72
  -39  122   70
  -39  117   68
  -38  113   65
  -38  109   63
  -36  107   61
  -36  106   60
  -35  105   58
  -35  105   58
  -35  105   58
  -33  104   58
  -33  103   58
  -33  100   58
  -32   97   57
  -32   92   56
  -30   89   54
  -30   84   51
  -30   80   47
  -30   76   44
  -30   73   39
  -32   71   36
  -33   70   32
  -35   70   30
  -36   69   29
  -36   69   28
  -38   69   29
  -39   69   30
  -39   69   32
  -41   68   35
  -41   67   37
  -41   66   38
  -39   65   39
  -39   64   40
  -38   64   40
  -36   64   39
  -36   64   38
  -35   64   37
  -33   65   36
  -33   66   36
  -33   67   36
  -35   68   37
  -36   68   38
  -38   69   39
  -39   69   40
  -42   70   41
  -45   70   42
  -45   70   43
  -47   70   43
  -45   71   43
  -44   71   42
  -41   71   40
  -38   72   38
  -35   73   36
  -33   73   34
  -30   74   32
  -29   75   31
  -29   76   29
  -30   76   28
  -32   76   27
  -35   76   26
  -38   75   26
  -41   73   26
  -44   71   27
  -45   68   27
  -45   66   28
  -45   63   28
  -45   61   29
  -44   59   29
  -42   57   29
  -39   56   29
  -36   56   29
  -35   56   29
  -33   56   30
  -30   57   30
  -29   57   30
  -27   57   30
  -27   56   30
  -27   54   30
  -27   51   30
  -30   48   29
  -32   44   28
  -35   41   27
  -38   37   25
  -41   35   24
  -42   33   23
  -42   31   23
  -42   30   22
  -39   29   22
  -36   28   21
  -32   26   21
  -26   23   19
  -21   20   18
  -17   16   15
  -12   12   13
  -11    8   10
   -9    4    7
   -9    0    5
   -9   -2    2
  -11   -3    1
  -11   -4    0
  -12   -4    0
  -11   -4    0
  -11   -3    0
   -9   -3    1
   -8   -3    2
   -8   -5    2
   -8   -7    2
   -9  -11    2
  -12  -15    1
  -15  -20    0
  -20  -26   -3
  -24  -31   -6
  -27  -36  -10
  -32  -39  -14
  -33  -42  -18
  -35  -44  -21
  -35  -45  -24
  -35  -45  -26
  -33  -45  -28
  -32  -46  -29
  -30  -47  -29
  -30  -49  -29
  -30  -51  -28
  -30  -55  -27
  -32  -60  -27
  -33  -64  -27
  -36  -68  -28
  -38  -72  -29
  -39  -75  -31
  -41  -77  -34
  -42  -79  -36
  -42  -80  -39
  -44  -80  -40
  -44  -81  -42
  -45  -82  -43
  -45  -83  -43
  -47  -86  -44
  -47  -90  -45
  -47  -94  -46
  -48  -98  -47
  -47 -103  -49
  -47 -108  -51
  -45 -112  -53
  -45 -116  -55
  -44 -119  -57
  -42 -121  -59
  -42 -122  -60
  -44 -123  -60
  -44 -123  -59
  -44 -123  -58
  -44 -123  -57
  -44 -123  -56
  -42 -123  -56
  -41 -123  -56
  -41 -123  -56
  -42 -124  -58
  -45 -125  -59
  -50 -127  -61
  -53 -129  -63
  -56 -130  -65
  -54 -132  -67
  -47 -133  -67
  -30 -134  -67
   -6 -135  -67
   26 -136  -66
   68 -136  -66
  114 -137  -65
  164 -137  -65
  210 -138  -66
  251 -140  -67
  278 -143  -69
  294 -146  -72
  296 -150  -75
  284 -154  -78
  261 -158  -80
  231 -162  -83
  198 -165  -85
  165 -167  -86
  137 -168  -87
  113 -169  -87
   93 -169  -87
   80 -168  -88
   71 -168  -88
   65 -167  -88
   59 -167  -88
   51 -168  -89
   44 -169  -90
   30 -171  -91
   17 -173  -92
    5 -175  -92
   -6 -177  -93
  -15 -179  -94
  -23 -180  -94
  -26 -180  -95
  -27 -180  -95
  -27 -180  -95
  -27 -179  -95
  -26 -179  -94
  -23 -179  -94
  -23 -179  -94
  -24 -181  -94
  -24 -183  -95
  -27 -185  -95
  -32 -189  -96
  -36 -192  -98
  -41 -195  -99
  -44 -198 -101
  -45 -201 -103
  -47 -203 -105
  -47 -204 -106
  -47 -204 -107
  -47 -204 -108
  -47 -204 -109
  -45 -205 -109
  -45 -205 -109
  -44 -206 -109
  -44 -208 -108
  -44 -210 -108
  -45 -212 -108
  -45 -214 -108
  -45 -217 -109
  -47 -219 -109
  -47 -221 -110
  -47 -222 -111
  -45 -223 -112
  -45 -224 -113
  -44 -224 -114
  -42 -224 -114
  -42 -224 -114
  -41 -225 -114
  -42 -225 -114
  -42 -226 -113
  -42 -227 -114
  -44 -228 -114
  -45 -228 -115
  -47 -227 -116
  -50 -224 -116
  -50 -220 -116
  -51 -213 -115
  -53 -204 -112
  -53 -193 -108
  -53 -180 -101
  -53 -167  -94
  -51 -152  -85
  -51 -138  -76
  -51 -123  -66
  -51 -108  -57
  -53  -94  -48
  -54  -80  -41
  -56  -65  -33
  -59  -51  -26
  -59  -35  -19
  -60  -19  -11
  -60   -2   -3
  -60   14    5
  -59   32   14
  -56   50   24
  -53   68   33
  -51   85   42
  -50   99   50
  -47  113   58
  -47  126   66
  -47  136   72
  -50  146   77
  -51  154   83
  -54  162   88
  -56  169   92
  -57  175   96
  -59  182  100
  -57  188  104
  -54  193  106
  -51  199  109
  -45  204  110
  -41  208  112
  -36  211  112
  -32  214  113
  -29  216  113
  -29  217  114
  -29  218  115
  -30  218  116
  -32  218  117
  -33  217  118
  -35  217  119
  -36  216  119
  -36  215  119
  -35  214  119
  -33  214  118
  -30  214  117
  -27  214  117
  -24  214  116
  -23  215  116
  -23  215  115
  -23  215  116
  -21  214  116
  -23  213  116
  -26  210  117
  -27  207  117
  -27  204  116
  -29  200  115
  -29  197  113
  -27  193  111
  -26  190  108
  -24  188  105
  -23  186  101
  -20  185   98
  -18  185   95
  -17  184   93
  -17  184   92
  -18  183   91
  -20  182   91
  -21  181   91
  -24  179   92
  -27  177   92
  -30  175   93
  -33  173   93
  -35  171   93
  -36  170   93
  -36  170   93
  -35  170   93
  -32  171   92
  -30  173   92
  -27  174   91
  -23  176   91
  -21  177   91
  -18  178   92
  -18  177   92
  -17  176   92
  -18  173   92
  -20  170   92
  -23  166   91
  -24  162   91
  -27  158   90
  -30  154   89
  -32  152   88
  -33  150   87
  -35  149   86
  -36  148   85
  -35  148   84
  -35  148   82
  -35  148   81
  -33  146   79
  -32  144   77
  -32  141   75
  -30  137   74
  -29  133   72
  -27  129   70
  -26  125   69
  -24  122   67
  -23  119   66
  -23  118   65
  -23  116   64
  -24  116   64
  -24  115   63
  -27  113   63
  -29  111   63
  -30  108   62
  -33  105   61
  -35  101   59
  -35   97   57
  -36   93   55
  -36   90   52
  -35   88   49
  -33   86   47
  -33   86   44
  -32   85   42
  -30   86   41
  -30   86   40
  -30   86   39
  -30   86   39
  -30   85   40
  -30   84   41
  -30   83   41
  -29   81   42
  -29   79   43
  -27   78   43
  -26   76   43
  -26   75   43
  -24   74   42
  -24   74   41
  -24   73   41
  -26   72   40
  -29   72   39
  -30   71   38
  -33   71   37
  -36   70   36
  -39   70   36
  -42   70   36
  -44   71   36
  -44   71   36
  -44   71   36
  -42   71   36
  -41   71   36
  -38   71   36
  -35   70   36
  -30   68   35
  -27   66   34
  -26   64   33
  -24   63   32
  -24   61   31
  -26   61   30
  -29   61   29
  -30   61   28
  -35   62   28
  -38   63   27
  -41   64   27
  -44   64   27
  -44   63   26
  -44   62   26
  -42   60   25
  -41   57   24
  -36   54   23
  -33   51   22
  -30   49   21
  -29   47   20
  -29   45   19
  -29   44   19
  -32   44   18
  -35   44   18
  -38   43   18
  -41   42   18
  -42   41   18
  -44   38   17
  -44   36   17
  -42   33   16
  -39   30   16
  -36   27   15
  -32   25   13
  -30   23   12
  -27   23   10
  -27   22    9
  -27   23    7
  -29   23    6
  -30   24    5
  -30   24    5
  -32   23    5
  -30   22    5
  -29   20    5
  -26   18    5
  -21   15    4
  -18   13    4
  -14   10    3
  -11    8    2
   -9    7    0
   -8    6    0
   -6    5    0
   -8    5    0
  -11    6    0
  -12    6    0
  -15    6    1
  -17    6    2
  -18    5    2
  -20    3    1
  -23    0    0
  -24   -3   -1
  -27   -7   -4
  -29  -11   -8
  -30  -14  -11
  -32  -17  -14
  -32  -20  -16
  -32  -22  -18
  -30  -23  -19
  -27  -23  -18
  -26  -23  -18
  -24  -23  -16
  -24  -22  -15
  -24  -22  -14
  -26  -23  -13
  -30  -23  -12
  -35  -24  -12
  -39  -25  -13
  -45  -26  -14
  -50  -27  -15
  -53  -28  -17
  -56  -29  -18
  -57  -30  -20
  -56  -31  -21
  -56  -31  -22
  -54  -33  -23
  -53  -34  -24
  -51  -36  -26
  -50  -39  -27
  -47  -42  -29
  -47  -45  -31
  -45  -49  -33
  -45  -52  -35
  -45  -56  -37
  -44  -60  -38
  -44  -62  -40
  -45  -64  -40
  -47  -66  -41
  -50  -67  -41
  -53  -67  -41
  -56  -67  -41
  -57  -66  -40
  -59  -66  -39
  -57  -66  -39
  -56  -67  -38
  -54  -67  -38
  -51  -69  -38
  -51  -71  -38
  -53  -74  -39
  -56  -77  -40
  -57  -79  -41
  -59  -82  -42
  -56  -83  -43
  -45  -85  -44
  -27  -85  -45
    0  -86  -47
   39  -86  -47
   83  -87  -48
  132  -89  -49
  182  -90  -49
  227  -93  -50
  263  -96  -50
  285  -99  -50
  294 -103  -51
  288 -106  -51
  270 -109  -52
  242 -112  -53
  210 -114  -55
  176 -115  -56
  143 -115  -57
  116 -115  -58
   95 -115  -59
   80 -115  -60
   71 -115  -61
   65 -115  -61
   59 -115  -61
   56 -115  -61
   50 -116  -61
   39 -117  -61
   26 -119  -61
   12 -120  -61
    0 -121  -62
  -14 -122  -63
  -24 -123  -63
  -32 -124  -64
  -36 -125  -66
  -39 -126  -66
  -41 -126  -67
  -41 -127  -68
  -39 -128  -68
  -38 -129  -69
  -36 -131  -69
  -35 -132  -70
  -35 -133  -70
  -36 -135  -71
  -39 -136  -71
  -41 -137  -72
  -44 -138  -72
  -47 -138  -73
  -48 -138  -73
  -51 -138  -74
  -53 -138  -74
  -54 -139  -75
  -56 -140  -75
  -54 -141  -76
  -53 -143  -77
  -51 -146  -78
  -48 -148  -78
  -45 -151  -79
  -44 -153  -80
  -42 -155  -81
  -42 -157  -81
  -42 -157  -81
  -45 -158  -81
  -47 -157  -81
  -48 -157  -80
  -51 -156  -79
  -51 -154  -78
  -51 -153  -77
  -50 -153  -77
  -47 -153  -77
  -42 -153  -77
  -39 -155  -78
  -36 -156  -79
  -35 -157  -80
  -35 -156  -81
  -36 -154  -81
  -39 -150  -80
  -42 -143  -77
  -47 -133  -72
  -51 -122  -66
  -54 -109  -59
  -56  -96  -51
  -57  -81  -42
  -57  -67  -33
  -56  -53  -24
  -54  -38  -15
  -53  -24   -7
  -51   -9    0
  -50    5    7
  -50   21   16
  -50   37   24
  -51   54   33
  -53   70   41
  -54   86   50
  -54  101   59
  -56  115   68
  -57  129   75
  -57  142   82
  -57  154   89
  -59  164   95
  -59  174  100
  -59  182  105
  -60  190  109
  -60  197  114
  -62  203  118
  -62  210  123
  -62  217  127
  -62  224  131
  -59  231  135
  -57  238  139
  -54  244  143
  -51  251  147
  -48  257  150
  -45  262  153
  -42  266  155
  -42  270  157
  -41  272  159
  -42  273  160
  -42  272  160
  -44  271  160
  -45  270  159
  -45  267  158
  -45  265  157
  -44  264  155
  -41  263  154
  -39  262  152
  -35  262  152
  -32  261  151
  -29  261  151
  -27  259  151
  -26  257  150
  -24  254  150
  -23  251  149
  -24  247  148
  -24  242  146
  -26  238  144
  -26  234  141
  -26  231  139
  -27  228  137
  -27  227  134
  -27  226  133
  -26  227  131
  -26  228  131
  -24  229  130
  -24  230  130
  -23  231  131
  -23  232  131
  -23  231  131
  -21  229  131
  -23  226  131
  -23  223  129
  -23  219  128
  -24  215  126
  -27  211  124
  -29  208  122
  -30  205  120
  -33  203  118
  -35  202  116
  -36  201  115
  -36  201  115
  -35  202  114
  -33  202  115
  -30  203  115
  -27  203  115
  -23  203  115
  -20  202  115
  -17  201  114
  -15  200  113
  -15  198  111
  -17  196  110
  -20  194  109
  -24  193  107
  -27  192  107
  -32  191  106
  -35  191  106
  -38  191  107
  -38  191  107
  -38  190  107
  -36  189  107
  -33  187  107
  -30  184  105
  -27  180  103
  -26  176  100
  -24  171   96
  -24  166   93
  -24  162   90
  -23  158   87
  -23  154   84
  -23  151   82
  -23  148   81
  -23  145   79
  -24  142   78
  -26  139   77
  -27  136   75
  -29  133   74
  -33  129   71
  -35  125   69
  -36  122   66
  -38  119   63
  -38  116   60
  -36  115   57
  -35  114   56
  -32  114   55
  -30  114   54
  -27  114   54
  -26  115   55
  -24  115   56
  -26  115   57
  -27  114   57
  -30  113   58
  -33  111   58
  -36  109   58
  -38  106   57
  -41  104   55
  -41  101   54
  -41   99   51
  -39   97   50
  -38   96   48
  -35   95   46
  -32   95   45
  -29   96   44
  -29   97   44
  -27   99   45
  -27  101   46
  -27  103   47
  -27  105   49
  -29  107   50
  -30  108   51
  -33  108   52
  -35  108   52
  -38  108   52
  -39  108   51
  -41  108   50
  -42  107   49
  -44  107   48
  -45  107   48
  -45  106   47
  -44  104   47
  -42  103   47
  -41  101   47
  -39   99   47
  -38   96   47
  -36   94   47
  -35   91   47
  -35   90   46
  -33   88   46
  -33   87   45
  -33   86   45
  -35   85   45
  -35   84   44
  -35   84   44
  -36   85   44
  -36   85   44
  -36   86   43
  -36   86   43
  -35   87   43
  -33   88   43
  -32   88   42
  -32   88   42
  -30   88   41
  -30   88   41
  -29   87   40
  -30   86   39
  -30   84   39
  -32   82   38
  -33   80   37
  -36   78   36
  -38   76   35
  -41   74   33
  -42   72   32
  -44   70   32
  -45   68   31
  -45   66   30
  -45   64   30
  -45   62   29
  -45   59   29
  -45   56   29
  -44   53   29
  -44   50   29
  -42   48   28
  -42   46   28
  -41   45   28
  -39   45   27
  -38   44   27
  -36   44   26
  -35   44   26
  -35   44   26
  -33   43   26
  -33   41   26
  -33   38   26
  -33   35   26
  -33   31   26
  -33   27   25
  -33   23   23
  -32   20   21
  -30   17   18
  -27   15   15
  -24   14   12
  -21   13    9
  -17   12    6
  -14   11    4
  -11   11    2
   -8    9    1
   -6    8    1
   -5    6    1
   -5    3    1
   -5    0    2
   -6   -1    3
   -8   -4    3
   -9   -6    4
  -11   -8    4
  -14   -9    4
  -15   -9    4
  -18  -10    3
  -20  -10    2
  -23  -11    2
  -24  -13    1
  -26  -15    0
  -27  -19    0
  -30  -23   -2
  -32  -28   -4
  -33  -33   -7
  -33  -39  -10
  -33  -44  -13
  -33  -49  -16
  -35  -53  -19
  -35  -55  -22
  -35  -57  -24
  -36  -57  -26
  -38  -56  -27
  -42  -56  -28
  -45  -55  -28
  -48  -54  -28
  -53  -54  -28
  -56  -55  -28
  -59  -57  -27
  -60  -59  -27
  -60  -62  -27
  -60  -66  -26
  -59  -69  -27
  -59  -72  -27
  -57  -74  -27
  -57  -76  -27
  -57  -77  -28
  -59  -78  -28
  -60  -79  -29
  -62  -79  -30
  -62  -80  -31
  -63  -81  -32
  -62  -82  -34
  -62  -84  -35
  -60  -86  -37
  -59  -88  -38
  -59  -91  -40
  -59  -94  -41
  -59  -96  -42
  -57  -98  -43
  -54 -100  -44
  -51 -102  -44
  -48 -102  -45
  -45 -103  -45
  -45 -103  -46
  -45 -104  -46
  -50 -104  -47
  -54 -105  -48
  -60 -107  -49
  -65 -109  -50
  -65 -112  -51
  -57 -116  -53
  -39 -119  -54
  -11 -122  -56
   26 -125  -57
   72 -128  -58
  123 -129  -59
  174 -130  -59
  219 -130  -59
  255 -130  -59
  278 -129  -59
  285 -129  -59
  279 -129  -59
  261 -131  -58
  233 -133  -59
  201 -136  -60
  168 -140  -61
  137 -144  -63
  111 -148  -65
   90 -153  -67
   74 -156  -70
   62 -159  -73
   51 -161  -75
   44 -162  -77
   38 -162  -78
   27 -161  -79
   14 -160  -79
    0 -159  -79
  -11 -158  -79
  -23 -157  -78
  -30 -157  -78
  -36 -157  -77
  -39 -157  -77
  -39 -158  -77
  -41 -158  -77
  -41 -159  -77
  -42 -160  -78
  -42 -161  -78
  -44 -163  -78
  -47 -164  -79
  -51 -166  -79
  -54 -169  -80
  -57 -171  -81
  -60 -174  -81
  -62 -178  -82
  -62 -181  -84
  -62 -184  -85
  -60 -187  -86
  -60 -189  -88
  -59 -191  -89
  -59 -192  -90
  -59 -193  -92
  -60 -192  -93
  -62 -192  -94
  -63 -191  -94
  -66 -191  -94
  -68 -190  -95
  -71 -191  -95
  -72 -192  -94
  -74 -194  -94
  -75 -196  -94
  -75 -200  -95
  -75 -204  -96
  -75 -207  -96
  -75 -211  -97
  -75 -214  -99
  -74 -217 -100
  -72 -219 -102
  -71 -220 -104
  -69 -221 -105
  -68 -221 -107
  -66 -220 -108
  -66 -218 -109
  -66 -216 -109
  -68 -214 -109
  -68 -210 -107
  -69 -204 -105
  -72 -197 -101
  -74 -189  -96
  -74 -179  -89
  -75 -167  -82
  -77 -152  -73
  -77 -137  -64
  -78 -120  -54
  -78 -101  -44
  -78  -83  -33
  -78  -63  -23
  -80  -44  -12
  -78  -25   -2
  -77   -6    7
  -75   11   17
  -72   28   26
  -71   44   34
  -69   60   42
  -68   75   49
  -68   89   57
  -68  103   64
  -71  117   72
  -74  131   78
  -78  144   86
  -81  157   94
  -84  168  101
  -87  178  108
  -87  187  115
  -87  194  120
  -86  200  124
  -84  205  128
  -83  209  130
  -80  212  131
  -78  216  131
  -75  219  131
